<?xml version="1.0"?>
<opencv_storage>
<maskImgLInfo type_id="opencv-matrix">
  <rows>1</rows>
  <cols>31</cols>
  <dt>"4f"</dt>
  <data>
    16. 2. 2.35619450e+00 3.06884338e+02 18. 2. 1.60439718e+00
    9.52537659e+02 22. 2. 1.68430626e+00 1.00647705e+03 25. 2.
    1.62474394e+00 1.00145691e+03 28. 2. 1.57576156e+00 1.00701239e+03
    31. 2. 1.57379329e+00 1.00100452e+03 34. 2. 1.56979537e+00
    9.99000488e+02 37. 2. 1.56979930e+00 1.00300049e+03 40. 2.
    1.57079637e+00 1004. 43. 2. 1.56780529e+00 1.00300452e+03 46. 2.
    1.56779933e+00 1.00100452e+03 16. 3. 1.98658621e+00 1.08439294e+03
    11. 4. 2.35619450e+00 3.21026489e+02 17. 4. 2.21771383e+00
    4.09802399e+02 11. 5. 2.32984829e+00 1.02000195e+03 11. 6.
    2.32416272e+00 1.05978955e+03 9. 8. 2.32659793e+00 4.30109283e+02 5.
    10. 2.35619450e+00 3.45068115e+02 6. 11. 2.67554307e+00
    1.11714282e+03 5. 13. 2.68314290e+00 1.11849634e+03 4. 15.
    2.67955279e+00 1.11266882e+03 4. 17. 3.07878232e+00 9.55884949e+02
    2. 19. 2.89630890e+00 7.94789307e+02 2. 21. 3.13754416e+00
    9.88008118e+02 3. 23. 3.13860750e+00 1.00500446e+03 2. 26.
    3.14159274e+00 994. 2. 28. 3.14058971e+00 9.97000488e+02 3. 30.
    3.14059949e+00 1.00700049e+03 2. 33. 3.11552978e+00 9.59325806e+02
    2. 35. 3.14159274e+00 1002. 3. 37. 3.13960457e+00 1.00600201e+03</data></maskImgLInfo>
<maskImgRInfo type_id="opencv-matrix">
  <rows>1</rows>
  <cols>36</cols>
  <dt>"4f"</dt>
  <data>
    2. 2. 1.58479536e+00 1.00009802e+03 4. 2. 1.58079600e+00
    1.00004999e+03 8. 2. 1.58077598e+00 1.00204993e+03 11. 2.
    1.57479632e+00 1.00000800e+03 14. 2. 1.57079637e+00 1004. 17. 2.
    1.57179141e+00 1.00500049e+03 20. 2. 1.57379329e+00 1.00100452e+03
    23. 2. 1.57978714e+00 1.00104047e+03 26. 2. 1.57179534e+00
    1.00100049e+03 29. 2. 1.57480431e+00 9.98007996e+02 32. 2.
    1.57079637e+00 1006. 35. 2. 1.56580138e+00 1.00101251e+03 38. 2.
    1.57079637e+00 1002. 41. 2. 1.16012013e+00 1.08959900e+03 44. 2.
    1.56263328e+00 9.80032654e+02 43. 3. 1.56381738e+00 1.00302441e+03
    48. 3. 1.24150193e+00 7.54540894e+02 49. 4. 1.11041939e+00
    1.09389026e+03 50. 5. 1.10835302e+00 1.11400989e+03 52. 7.
    9.45553124e-01 9.31155212e+02 55. 8. 5.54995716e-01 4.70642120e+02
    54. 10. 7.70014763e-01 3.67739044e+02 57. 11. 3.36862743e-01
    7.53340576e+02 58. 13. 3.36990684e-01 7.47016724e+02 59. 15.
    7.85398185e-01 3.35168610e+02 59. 17. 9.19514336e-03 8.70036804e+02
    58. 20. 6.43501103e-01 410. 59. 23. 5.07027768e-02 1.00629321e+03
    59. 26. 2.97913724e-03 1.00700446e+03 59. 29. 3.96823324e-03
    1.00800793e+03 59. 32. 2.97913724e-03 1.00700446e+03 59. 35.
    9.93048307e-04 1.00700049e+03 59. 38. 9.91079956e-04 1.00900049e+03
    59. 41. 1.41978292e-02 9.86099365e+02 59. 44. 4.10397463e-02
    8.28697754e+02 59. 47. 6.03293851e-02 5.97086243e+02</data></maskImgRInfo>
<maskImgLCol>49</maskImgLCol>
<maskImgLRow>41</maskImgLRow>
<maskImgRCol>62</maskImgRCol>
<maskImgRRow>50</maskImgRRow>
</opencv_storage>
