<?xml version="1.0"?>
<opencv_storage>
<maskImgLInfo type_id="opencv-matrix">
  <rows>1</rows>
  <cols>82</cols>
  <dt>"4f"</dt>
  <data>
    462. 35. 1.60049057e+00 2.02089096e+02 474. 35. 1.59702933e+00
    3.43118042e+02 486. 35. 1.57316041e+00 4.23001190e+02 498. 35.
    1.57492852e+00 4.84004120e+02 510. 35. 1.57873261e+00 5.04015869e+02
    522. 35. 1.57079637e+00 496. 534. 35. 1.57467222e+00 5.16003906e+02
    546. 35. 1.57079637e+00 526. 558. 35. 1.57441950e+00 5.52003601e+02
    570. 35. 1.58143425e+00 5.64031921e+02 582. 35. 1.57257247e+00
    5.63000916e+02 594. 35. 1.55562043e+00 5.93068298e+02 606. 35.
    1.57937241e+00 5.83021423e+02 618. 35. 1.56914341e+00 6.05000854e+02
    630. 35. 1.57575500e+00 6.05007446e+02 642. 35. 1.58192468e+00
    6.29038940e+02 654. 35. 1.59383368e+00 6.51172791e+02 666. 35.
    1.56159413e+00 6.52027588e+02 678. 35. 1.57231843e+00 6.57000732e+02
    690. 35. 1.57230008e+00 6.65000732e+02 702. 35. 1.56210089e+00
    6.90026062e+02 714. 35. 1.57516313e+00 6.87006531e+02 726. 35.
    1.56349719e+00 6.85018250e+02 738. 35. 1.55784738e+00 6.95058289e+02
    750. 35. 1.57652688e+00 6.98011475e+02 762. 35. 1.57651055e+00
    7.00011414e+02 774. 35. 1.58055890e+00 7.17034180e+02 429. 36.
    1.61263239e+00 2.15188293e+02 441. 36. 1.59957922e+00 5.21215881e+02
    407. 37. 1.63008749e+00 2.19385498e+02 389. 38. 1.65317822e+00
    2.18741852e+02 374. 39. 1.63981092e+00 2.17517822e+02 362. 40.
    1.68505061e+00 2.45601303e+02 351. 41. 1.69282842e+00 2.13588394e+02
    328. 44. 1.75593090e+00 2.87920135e+02 315. 46. 1.81466997e+00
    2.19494873e+02 292. 52. 1.79845834e+00 8.68407715e+02 276. 55.
    1.84031785e+00 3.75558258e+02 262. 59. 1.90867448e+00 2.74521393e+02
    251. 63. 1.89123631e+00 4.82563995e+02 239. 67. 2.01763868e+00
    2.12903732e+02 225. 73. 2.03584647e+00 3.18863617e+02 215. 78.
    1.99356854e+00 5.58141541e+02 198. 87. 2.06058168e+00 6.84470581e+02
    180. 97. 2.17426634e+00 3.04844208e+02 167. 107. 2.17021561e+00
    8.26002441e+02 158. 113. 2.22718525e+00 5.27643799e+02 143. 126.
    2.33162951e+00 5.75758606e+02 135. 134. 2.37863469e+00
    5.67242432e+02 124. 148. 2.46800685e+00 8.11167053e+02 117. 156.
    2.51206279e+00 8.01678223e+02 109. 170. 2.51683521e+00
    3.09454346e+02 96. 187. 2.61918926e+00 4.95025238e+02 89. 202.
    2.70859718e+00 8.31760803e+02 81. 216. 2.68100309e+00 2.92479065e+02
    77. 231. 2.76982427e+00 5.31294617e+02 70. 248. 2.85499573e+00
    8.27763245e+02 64. 265. 2.88371372e+00 7.33246216e+02 60. 281.
    2.90751195e+00 8.23457336e+02 57. 291. 2.92572474e+00 6.58278076e+02
    53. 309. 2.95744586e+00 5.62510437e+02 49. 335. 3.00839448e+00
    7.15336304e+02 46. 353. 3.04427576e+00 3.80801788e+02 44. 373.
    3.05309534e+00 4.18638275e+02 43. 393. 3.09148717e+00 6.78851990e+02
    42. 411. 3.09880543e+00 6.54599121e+02 51. 424. 2.96576238e+00
    2.00084976e+02 42. 434. 3.12144423e+00 7.94161194e+02 51. 440.
    3.05721641e+00 2.01717621e+02 49. 451. 6.98859990e-02 2.00489395e+02
    43. 467. 3.11720729e+00 2.05060974e+02 51. 476. 2.98788524e+00
    2.15541183e+02 40. 493. 3.12677884e+00 2.70029633e+02 41. 518.
    3.14020562e+00 7.21000671e+02 48. 531. 4.30356115e-02 2.09193695e+02
    52. 543. 2.79723287e+00 2.51781647e+02 43. 550. 3.12478757e+00
    2.38033615e+02 41. 576. 3.12972379e+00 6.74047485e+02 42. 595.
    3.13718748e+00 6.81006592e+02 42. 615. 3.13016462e+00 7.00045715e+02
    42. 635. 3.13579559e+00 6.90011597e+02 42. 655. 3.14011979e+00
    6.79000732e+02</data></maskImgLInfo>
<maskImgRInfo type_id="opencv-matrix">
  <rows>1</rows>
  <cols>76</cols>
  <dt>"4f"</dt>
  <data>
    513. 33. 1.63013256e+00 2.02356125e+02 537. 33. 1.58931267e+00
    2.16037033e+02 394. 34. 1.58059990e+00 2.04009796e+02 418. 34.
    1.58299088e+00 3.28024384e+02 442. 34. 1.58935094e+00 4.85083496e+02
    466. 34. 1.57079637e+00 650. 490. 34. 1.57881749e+00 7.48024048e+02
    557. 34. 1.56306458e+00 7.76023193e+02 581. 34. 1.53477585e+00
    4.44288208e+02 255. 35. 1.58050478e+00 2.06009705e+02 279. 35.
    1.57674861e+00 3.36005951e+02 303. 35. 1.57902658e+00 4.86016449e+02
    327. 35. 1.51077604e+00 6.50170776e+02 351. 35. 1.56794739e+00
    7.02002869e+02 375. 35. 1.55924356e+00 7.79052002e+02 594. 35.
    1.53684711e+00 7.95458374e+02 126. 36. 1.59935999e+00 2.10085693e+02
    150. 36. 1.59108341e+00 3.45071014e+02 174. 36. 1.57906055e+00
    4.84016541e+02 198. 36. 1.57412970e+00 6.00003357e+02 222. 36.
    1.58499992e+00 7.04071045e+02 618. 36. 1.52383351e+00 7.66845459e+02
    631. 36. 1.49882054e+00 3.19828064e+02 2. 37. 1.60245991e+00
    2.21110825e+02 26. 37. 1.58270049e+00 3.36023804e+02 50. 37.
    1.57079637e+00 476. 74. 37. 1.57755303e+00 5.92013489e+02 98. 37.
    1.57813835e+00 6.81018372e+02 644. 37. 1.51019645e+00 4.45818359e+02
    663. 39. 1.47365177e+00 6.70159668e+02 694. 43. 1.42131722e+00
    6.71487915e+02 713. 47. 1.38044620e+00 8.35083252e+02 741. 54.
    1.30166781e+00 8.53731812e+02 769. 62. 1.13810420e+00 2.45637939e+02
    786. 69. 1.15452707e+00 4.15480438e+02 804. 77. 1.01999140e+00
    2.31192566e+02 821. 86. 9.75916266e-01 2.01638290e+02 836. 97.
    1.01074076e+00 8.73439209e+02 851. 106. 9.22865570e-01
    3.61203552e+02 866. 119. 8.56026173e-01 7.41482300e+02 878. 130.
    7.73422658e-01 4.72381195e+02 895. 151. 6.31892264e-01
    8.78659180e+02 907. 167. 5.63316286e-01 7.19110535e+02 917. 184.
    5.01991987e-01 8.74945740e+02 925. 201. 4.56902355e-01
    5.30407410e+02 935. 218. 4.09673572e-01 4.39356354e+02 941. 236.
    3.21016878e-01 8.62037109e+02 946. 252. 2.92076558e-01
    6.18181213e+02 953. 278. 2.93588996e-01 2.69532928e+02 953. 296.
    2.95095372e+00 2.32206802e+02 956. 309. 2.92932224e+00
    2.37326782e+02 965. 322. 1.98707893e-01 2.98881256e+02 965. 337.
    1.51882455e-01 3.96565247e+02 969. 356. 9.57067087e-02
    7.53448059e+02 972. 383. 5.15416116e-02 5.04670197e+02 964. 394.
    1.15759216e-01 2.16448608e+02 973. 419. 3.75410393e-02
    8.52600708e+02 966. 442. 7.98299834e-02 2.00638977e+02 966. 466.
    1.72400773e-01 2.04024506e+02 975. 477. 9.24676377e-03
    7.57032349e+02 975. 495. 1.57945547e-02 8.23102661e+02 975. 515.
    2.36406177e-03 8.46002380e+02 975. 535. 9.32373945e-03
    8.58037292e+02 975. 555. 1.20627205e-03 8.29000610e+02 975. 575.
    1.15824938e-02 7.77052124e+02 974. 595. 3.31631936e-02
    2.11116089e+02 976. 614. 1.54626854e-02 7.76092773e+02 976. 634.
    1.63097214e-02 7.97106018e+02 976. 654. 6.46821503e-03
    7.73016174e+02 976. 674. 1.55135645e-02 7.09085327e+02 976. 694.
    2.34698672e-02 6.39176025e+02 976. 714. 2.18943115e-02
    5.48131348e+02 976. 734. 2.17864569e-03 4.59001099e+02 976. 752.
    5.31909894e-03 3.76005310e+02 977. 768. 9.90066677e-03
    4.04019806e+02 977. 788. 2.89854268e-03 3.45001434e+02</data></maskImgRInfo>
<maskImgLCol>787</maskImgLCol>
<maskImgLRow>661</maskImgLRow>
<maskImgRCol>1005</maskImgRCol>
<maskImgRRow>805</maskImgRRow>
</opencv_storage>
