<?xml version="1.0"?>
<opencv_storage>
<maskImgLInfo type_id="opencv-matrix">
  <rows>1</rows>
  <cols>63</cols>
  <dt>"4f"</dt>
  <data>
    60. 3. 1.68247914e+00 2.15341583e+02 62. 3. 1.63468230e+00
    2.97607117e+02 66. 3. 1.60159886e+00 3.57169434e+02 69. 3.
    1.59334886e+00 3.99101501e+02 72. 3. 1.58468437e+00 4.32041656e+02
    75. 3. 1.59092784e+00 4.47090607e+02 78. 3. 1.58534837e+00
    4.81050934e+02 81. 3. 1.57079637e+00 532. 84. 3. 1.58523571e+00
    5.54057739e+02 87. 3. 1.58430898e+00 5.92054077e+02 90. 3.
    1.57908797e+00 6.03020752e+02 93. 3. 1.57239628e+00 6.25000793e+02
    41. 4. 2.30100203e+00 2.56363037e+02 43. 4. 1.64377964e+00
    8.50263489e+02 47. 4. 1.57388592e+00 9.71004639e+02 50. 4.
    1.57079637e+00 978. 53. 4. 1.57079637e+00 984. 57. 4. 1.59310496e+00
    9.86245422e+02 93. 4. 1.57281244e+00 9.92002014e+02 36. 5.
    2.04337215e+00 5.00899200e+02 42. 5. 1.97544432e+00 1.07697534e+03
    57. 5. 1.58207786e+00 9.75062073e+02 33. 6. 1.89000237e+00
    7.45667480e+02 42. 6. 2.03538465e+00 4.75388275e+02 30. 7.
    1.90448153e+00 7.41923157e+02 27. 8. 2.14064193e+00 4.43001129e+02
    25. 9. 2.07945848e+00 4.96910461e+02 24. 10. 2.11282802e+00
    8.50977112e+02 24. 11. 2.15413809e+00 1.07113770e+03 18. 13.
    2.35619450e+00 2.82842712e+02 17. 14. 2.35619450e+00 3.18198059e+02
    17. 15. 2.34907222e+00 9.92803101e+02 14. 17. 2.35619450e+00
    2.72943207e+02 13. 19. 2.39189363e+00 3.56609039e+02 14. 20.
    2.39014888e+00 1.04146143e+03 12. 22. 2.66732454e+00 1.09484058e+03
    10. 24. 2.72708583e+00 6.00885986e+02 9. 26. 2.70709372e+00
    5.67755249e+02 8. 28. 2.36906934e+00 3.29539063e+02 8. 30.
    2.97543693e+00 9.79489685e+02 8. 32. 2.80841756e+00 1.05184216e+03
    8. 34. 2.88488436e+00 8.27103394e+02 7. 36. 3.05637240e+00
    9.98624023e+02 7. 38. 3.09607553e+00 9.67001526e+02 5. 40.
    2.85797071e+00 6.96840027e+02 5. 42. 3.12890840e+00 9.46076111e+02
    6. 44. 3.13558078e+00 9.98018066e+02 5. 47. 2.91701937e+00
    1.01037122e+03 6. 48. 2.92909646e+00 5.97437866e+02 5. 50.
    3.04980111e+00 9.60041687e+02 4. 53. 3.13482070e+00 8.86020325e+02
    4. 55. 3.13938999e+00 9.08002197e+02 5. 57. 3.12676334e+00
    9.44103821e+02 4. 60. 3.14051151e+00 9.25000549e+02 4. 62.
    3.13942337e+00 9.22002197e+02 5. 64. 2.95522428e+00 7.82550964e+02
    7. 65. 2.91951084e+00 5.08487946e+02 6. 67. 1.94882536e+00
    2.24877747e+02 4. 70. 3.14051151e+00 9.25000549e+02 4. 72.
    3.13832116e+00 9.17004883e+02 4. 74. 3.14159274e+00 914. 5. 76.
    3.13856530e+00 9.91004517e+02 4. 79. 3.13719702e+00 9.10008789e+02</data></maskImgLInfo>
<maskImgRInfo type_id="opencv-matrix">
  <rows>1</rows>
  <cols>84</cols>
  <dt>"4f"</dt>
  <data>
    36. 3. 1.70364976e+00 2.18929214e+02 38. 3. 1.65074420e+00
    3.38079865e+02 42. 3. 1.61221409e+00 5.55476379e+02 45. 3.
    1.59909070e+00 6.36254639e+02 48. 3. 1.58468437e+00 7.20069458e+02
    51. 3. 1.58587050e+00 7.96090454e+02 54. 3. 1.57778919e+00
    8.58020996e+02 57. 3. 1.57758355e+00 8.84020386e+02 60. 3.
    1.57189167e+00 9.13000549e+02 63. 3. 1.57297027e+00 9.20002197e+02
    66. 3. 1.56971288e+00 9.23000549e+02 69. 3. 1.56969869e+00
    9.11000549e+02 72. 3. 1.53253746e+00 8.36612244e+02 75. 3.
    1.11637115e+00 3.39449554e+02 2. 4. 1.57181573e+00 9.81000488e+02 4.
    4. 1.56977487e+00 9.79000488e+02 8. 4. 1.56977904e+00 9.83000488e+02
    11. 4. 1.57282472e+00 9.86002014e+02 14. 4. 1.57079637e+00 988. 17.
    4. 1.57282889e+00 9.84002014e+02 20. 4. 1.57181156e+00
    9.85000488e+02 23. 4. 1.57079637e+00 986. 26. 4. 1.57079637e+00 988.
    29. 4. 1.57282066e+00 9.88002014e+02 33. 4. 1.51821327e+00
    9.89367493e+02 75. 4. 1.27841306e+00 1.03387817e+03 80. 4.
    1.57079637e+00 984. 82. 4. 1.56566823e+00 9.75012817e+02 86. 4.
    1.09345090e+00 4.89744843e+02 28. 5. 1.56979537e+00 9.99000488e+02
    37. 5. 1.61364698e+00 7.23664307e+02 85. 5. 1.30624926e+00
    1.02879053e+03 90. 5. 1.24303210e+00 7.36191528e+02 89. 6.
    1.52569151e+00 9.98015015e+02 94. 6. 1.09860194e+00 5.23259033e+02
    95. 7. 1.32920253e+00 1.00313312e+03 95. 8. 1.41174173e+00
    8.90237061e+02 99. 9. 1.10796368e+00 1.09746252e+03 101. 9.
    9.14637685e-01 3.95031647e+02 103. 10. 7.85398185e-01 3.37997040e+02
    105. 11. 7.85398185e-01 2.91328003e+02 106. 13. 7.90870070e-01
    1.03380554e+03 106. 15. 7.93090343e-01 3.67706390e+02 108. 16.
    7.86756873e-01 1.04086218e+03 111. 17. 7.85398185e-01 3.43653900e+02
    110. 19. 7.48650014e-01 3.84925964e+02 113. 20. 3.68228674e-01
    6.80624695e+02 114. 22. 3.96772891e-01 7.76309204e+02 114. 24.
    4.94452536e-01 1.05995190e+03 114. 26. 7.40651906e-01 2.84541748e+02
    117. 27. 7.81160891e-01 3.33757385e+02 118. 29. 7.85398185e-01
    2.27688385e+02 118. 31. 5.56956008e-02 8.44309204e+02 118. 33.
    5.76875269e-01 9.22246155e+02 119. 35. 3.40901986e-02 9.09528442e+02
    118. 37. 1.61696449e-01 7.14317871e+02 120. 38. 2.76636392e-01
    7.43259033e+02 119. 41. 6.02890216e-02 9.95809204e+02 119. 43.
    3.22539806e-01 8.01321411e+02 121. 44. 3.04853559e-01 6.36341125e+02
    120. 47. 1.61602087e-02 9.90129272e+02 120. 49. 0. 996. 121. 51.
    2.09204713e-03 9.56002075e+02 120. 54. 2.00373977e-02 9.98200378e+02
    120. 56. 2.10600756e-02 9.97221130e+02 121. 58. 0. 852. 120. 61.
    1.20234685e-02 9.98072144e+02 120. 63. 1.00100064e-03 9.99000488e+02
    121. 65. 2.42717960e-03 8.24002441e+02 120. 68. 3.99199454e-03
    1.00200800e+03 120. 70. 7.96795916e-03 1.00403186e+03 121. 72.
    3.65969241e-02 8.74585632e+02 120. 75. 5.78418672e-02 8.99504333e+02
    120. 77. 4.05505523e-02 8.38689453e+02 121. 79. 4.66328338e-02
    9.00979492e+02 120. 81. 4.10326757e-02 6.82574524e+02 120. 83.
    2.79992707e-02 6.07238037e+02 120. 85. 7.22809061e-02 5.12337769e+02
    120. 87. 7.92727768e-02 4.29348358e+02 120. 89. 3.22468840e-02
    3.72193512e+02 120. 91. 6.61286041e-02 3.02661530e+02 120. 93.
    2.01934099e-01 2.59268188e+02 121. 95. 7.36231208e-02 5.84583618e+02
    122. 97. 1.73182338e-01 3.88816162e+02</data></maskImgRInfo>
<maskImgLCol>98</maskImgLCol>
<maskImgLRow>82</maskImgLRow>
<maskImgRCol>125</maskImgRCol>
<maskImgRRow>100</maskImgRRow>
</opencv_storage>
