<?xml version="1.0"?>
<opencv_storage>
<maskImgLInfo type_id="opencv-matrix">
  <rows>1</rows>
  <cols>93</cols>
  <dt>"4f"</dt>
  <data>
    1364. 70. 1.56108785e+00 2.06009705e+02 1391. 70. 1.58501339e+00
    2.11021332e+02 1411. 70. 1.58389604e+00 2.29019653e+02 1435. 70.
    1.54246378e+00 2.47099167e+02 1459. 70. 1.58617973e+00
    2.60030762e+02 1483. 70. 1.55640888e+00 2.78028778e+02 1507. 70.
    1.55349696e+00 2.89043243e+02 1531. 70. 1.53354645e+00
    3.22223511e+02 1555. 70. 1.57664418e+00 3.42005859e+02 967. 71.
    1.58501339e+00 2.11021332e+02 991. 71. 1.54641092e+00 2.46073166e+02
    1015. 71. 1.60068774e+00 3.01134521e+02 1039. 71. 1.56766152e+00
    3.19001556e+02 1063. 71. 1.57079637e+00 328. 1087. 71.
    1.54684877e+00 3.34095795e+02 1111. 71. 1.54323435e+00
    3.99151611e+02 1135. 71. 1.61644983e+00 3.94410950e+02 1159. 71.
    1.55794358e+00 3.89032135e+02 1183. 71. 1.55325425e+00
    4.56070160e+02 1207. 71. 1.60274887e+00 4.38223694e+02 1231. 71.
    1.61601436e+00 4.42452271e+02 1255. 71. 1.61938381e+00
    4.73558868e+02 1279. 71. 1.59947693e+00 4.88200775e+02 1303. 71.
    1.55384874e+00 5.31076294e+02 1327. 71. 1.58780789e+00
    5.29076538e+02 904. 72. 1.61037958e+00 2.02158356e+02 928. 72.
    1.58790958e+00 4.09059906e+02 873. 73. 1.64528513e+00 2.01558929e+02
    846. 74. 1.59321415e+00 2.23056046e+02 827. 75. 1.66224360e+00
    2.29960861e+02 804. 76. 1.61510229e+00 2.03199402e+02 771. 78.
    1.67177331e+00 2.28162216e+02 719. 82. 1.68957615e+00 2.44724335e+02
    698. 84. 1.68635070e+00 2.25503876e+02 666. 88. 1.68888831e+00
    2.37655212e+02 628. 94. 1.69897854e+00 2.26861191e+02 598. 100.
    1.77282143e+00 2.54169235e+02 580. 104. 1.81693375e+00
    2.09308380e+02 536. 116. 1.86370873e+00 2.63210938e+02 518. 122.
    1.85040319e+00 4.20323700e+02 500. 128. 1.78739977e+00
    3.67589447e+02 478. 136. 1.85202849e+00 2.81040924e+02 456. 145.
    2.05725360e+00 2.35295563e+02 439. 153. 2.04768825e+00
    4.05211060e+02 413. 166. 2.00855160e+00 5.35494141e+02 395. 175.
    2.11853623e+00 2.34273346e+02 379. 185. 2.10689759e+00
    5.56003601e+02 354. 200. 2.11222601e+00 3.39567383e+02 323. 225.
    2.24640155e+00 3.61386230e+02 291. 250. 2.30151224e+00
    6.72757019e+02 275. 264. 2.32842374e+00 3.05587952e+02 244. 300.
    2.48578334e+00 5.36240601e+02 224. 325. 2.53491235e+00
    2.22750977e+02 214. 340. 2.54981637e+00 2.93993195e+02 191. 381.
    2.63008618e+00 6.16966797e+02 172. 415. 2.73017788e+00
    4.02594086e+02 163. 441. 2.69461012e+00 2.68365417e+02 152. 460.
    2.82667565e+00 2.77654449e+02 142. 487. 2.85883665e+00
    3.08240173e+02 136. 504. 2.88641024e+00 2.37697281e+02 126. 546.
    2.87021971e+00 3.76789063e+02 114. 583. 2.96923089e+00
    2.50714981e+02 107. 616. 2.98093390e+00 2.56300598e+02 105. 642.
    3.01061034e+00 3.36885742e+02 102. 660. 2.96149278e+00
    3.62869110e+02 99. 684. 2.97006655e+00 2.57782867e+02 96. 702.
    3.03402829e+00 4.28476379e+02 94. 720. 3.09094477e+00 4.34557251e+02
    92. 745. 3.08321738e+00 3.08525513e+02 89. 773. 3.04634047e+00
    4.73144806e+02 86. 806. 3.09369540e+00 6.05694641e+02 85. 831.
    3.09155369e+00 6.19775757e+02 86. 856. 3.05547523e+00 2.79034058e+02
    83. 874. 3.10422683e+00 4.28298950e+02 85. 893. 3.11937404e+00
    3.15077759e+02 85. 917. 3.09359455e+00 2.29264038e+02 85. 941.
    3.07764053e+00 2.03415833e+02 83. 959. 3.11922121e+00 5.81145447e+02
    82. 1003. 3.14159274e+00 394. 83. 1028. 3.12398887e+00
    5.68088013e+02 104. 1041. 1.65195739e+00 2.09690247e+02 82. 1063.
    3.13314223e+00 3.55012665e+02 83. 1084. 3.11186171e+00
    5.38237854e+02 106. 1086. 2.68687344e+00 2.00359680e+02 85. 1102.
    3.12914515e+00 2.41018677e+02 85. 1141. 3.12992001e+00
    2.57017517e+02 85. 1165. 3.11152649e+00 2.66120270e+02 85. 1189.
    3.12354398e+00 2.77045135e+02 85. 1213. 3.10623765e+00
    3.11194458e+02 85. 1237. 3.06482077e+00 2.99883301e+02 85. 1261.
    3.12284493e+00 3.20056244e+02 85. 1285. 3.14159274e+00 318. 85.
    1309. 3.12236428e+00 3.12057678e+02</data></maskImgLInfo>
