<?xml version="1.0"?>
<opencv_storage>
<maskImgLInfo type_id="opencv-matrix">
  <rows>1</rows>
  <cols>63</cols>
  <dt>"4f"</dt>
  <data>
    220. 17. 1.67287922e+00 2.06072800e+02 232. 17. 1.58868062e+00
    6.15098389e+02 244. 17. 1.57212079e+00 7.55000671e+02 256. 17.
    1.57332158e+00 7.92002502e+02 268. 17. 1.57205105e+00 7.97000610e+02
    280. 17. 1.57455099e+00 7.99005615e+02 292. 17. 1.57328391e+00
    8.04002502e+02 304. 17. 1.57202935e+00 8.11000610e+02 316. 17.
    1.56588233e+00 8.14009827e+02 328. 17. 1.56958711e+00 8.27000610e+02
    340. 17. 1.57201731e+00 8.19000610e+02 352. 17. 1.57321763e+00
    8.26002441e+02 364. 17. 1.57200265e+00 8.29000610e+02 376. 17.
    1.56959295e+00 8.31000610e+02 388. 17. 1.56959581e+00 8.33000610e+02
    198. 18. 1.73971379e+00 2.61725037e+02 210. 18. 1.58023000e+00
    8.48037720e+02 183. 19. 1.80377555e+00 2.42553085e+02 173. 20.
    1.82492113e+00 3.18220062e+02 165. 21. 1.88641202e+00 3.09276581e+02
    153. 23. 2.02997303e+00 3.00083313e+02 145. 25. 1.79018056e+00
    6.06537720e+02 137. 27. 1.87732553e+00 5.40179626e+02 130. 29.
    2.01123929e+00 4.43308014e+02 119. 33. 1.98587108e+00 5.15798401e+02
    111. 37. 1.98130763e+00 9.34653931e+02 103. 41. 2.02441692e+00
    9.81235962e+02 92. 46. 2.35619450e+00 2.55972656e+02 83. 52.
    2.35095882e+00 2.70118500e+02 78. 58. 2.21659756e+00 7.82602051e+02
    68. 65. 2.38787413e+00 4.01838287e+02 63. 71. 2.40696740e+00
    7.80237122e+02 55. 80. 2.35619450e+00 2.12132034e+02 51. 88.
    2.62427378e+00 9.50355713e+02 48. 96. 2.52782249e+00 3.22942719e+02
    44. 103. 2.66727471e+00 5.86777649e+02 39. 109. 2.54304385e+00
    2.89292236e+02 36. 117. 2.75919294e+00 4.90422272e+02 34. 125.
    2.76323605e+00 9.50205261e+02 31. 133. 2.98400617e+00 7.39158997e+02
    29. 141. 2.98931527e+00 8.17459473e+02 27. 151. 2.88204551e+00
    9.15669128e+02 26. 159. 3.01710606e+00 9.42291870e+02 24. 168.
    2.99033189e+00 8.76002258e+02 24. 177. 3.02383018e+00 7.14951721e+02
    23. 185. 3.07020450e+00 8.83249695e+02 22. 193. 3.10425687e+00
    9.37653442e+02 21. 204. 3.07341647e+00 9.10114258e+02 22. 213.
    3.08326483e+00 2.74466766e+02 20. 219. 3.13902187e+00 7.78002563e+02
    26. 225. 3.05311465e+00 2.48973892e+02 20. 234. 3.13089156e+00
    8.41048157e+02 20. 243. 3.13683081e+00 8.40009521e+02 21. 252.
    3.12693763e+00 8.87095276e+02 26. 259. 2.01831627e+00 3.88231903e+02
    28. 265. 3.05254316e+00 3.37336639e+02 21. 271. 3.13828516e+00
    9.07004944e+02 20. 278. 3.13060403e+00 8.19049438e+02 20. 287.
    3.13176489e+00 8.14039307e+02 21. 296. 3.13395929e+00 9.17026733e+02
    20. 306. 3.14159274e+00 790. 20. 315. 3.13647771e+00 7.82010254e+02
    21. 323. 3.13938022e+00 9.04002197e+02</data></maskImgLInfo>
<maskImgRInfo type_id="opencv-matrix">
  <rows>1</rows>
  <cols>82</cols>
  <dt>"4f"</dt>
  <data>
    224. 16. 1.60816205e+00 2.14149475e+02 236. 16. 1.59079361e+00
    4.00079987e+02 248. 16. 1.59047878e+00 5.08098419e+02 260. 16.
    1.59722877e+00 6.43224670e+02 272. 16. 1.56421745e+00 6.08013184e+02
    284. 16. 1.52264082e+00 3.32385315e+02 91. 17. 1.61077499e+00
    2.00159943e+02 103. 17. 1.57654333e+00 3.48005737e+02 115. 17.
    1.59128523e+00 4.88102448e+02 127. 17. 1.57583833e+00 5.95007568e+02
    139. 17. 1.57079637e+00 694. 151. 17. 1.57208335e+00 7.77000671e+02
    163. 17. 1.57318294e+00 8.38002380e+02 175. 17. 1.57426453e+00
    8.65005188e+02 187. 17. 1.56855917e+00 8.94002258e+02 199. 17.
    1.56968892e+00 9.03000549e+02 211. 17. 1.59369314e+00 9.17240417e+02
    292. 17. 1.52951539e+00 9.20784424e+02 304. 17. 1.54822385e+00
    7.53191895e+02 2. 18. 1.58327341e+00 5.61043640e+02 14. 18.
    1.58008397e+00 6.46027893e+02 26. 18. 1.57629073e+00 7.28010986e+02
    38. 18. 1.57079637e+00 788. 50. 18. 1.57320595e+00 8.30002380e+02
    62. 18. 1.57660341e+00 8.61014526e+02 74. 18. 1.58094251e+00
    8.87045654e+02 316. 18. 1.53784120e+00 9.10494385e+02 325. 19.
    1.43782759e+00 9.50389404e+02 336. 20. 1.39207852e+00 9.45052368e+02
    347. 21. 1.50705302e+00 8.00625977e+02 353. 23. 1.38469064e+00
    9.72798035e+02 364. 24. 9.94229078e-01 2.18288803e+02 372. 27.
    1.38901055e+00 8.79491882e+02 383. 30. 1.07652378e+00 4.08944977e+02
    390. 33. 1.27875900e+00 6.59942444e+02 400. 37. 9.43687201e-01
    3.05040985e+02 408. 41. 7.85398185e-01 2.19203110e+02 414. 47.
    1.02241623e+00 5.60132141e+02 424. 52. 9.00771379e-01 7.61667908e+02
    430. 59. 8.36823344e-01 3.85175293e+02 438. 66. 7.45893061e-01
    7.16150818e+02 445. 71. 7.85398185e-01 2.44658951e+02 451. 79.
    7.18191862e-01 2.94821991e+02 455. 86. 5.70713282e-01 7.70038940e+02
    459. 95. 4.31367695e-01 8.72968506e+02 404. 100. 2.52597284e+00
    2.00878067e+02 463. 104. 5.33954084e-01 4.77462036e+02 468. 113.
    4.10600066e-01 1.01212646e+03 467. 122. 2.48487428e-01
    2.07369232e+02 468. 128. 3.02090168e-01 2.25197693e+02 475. 131.
    1.41531020e-01 7.72726318e+02 474. 139. 3.03749275e+00
    2.02094040e+02 476. 147. 2.94125152e+00 2.66326874e+02 474. 152.
    8.85927081e-02 3.50374084e+02 481. 155. 1.56112000e-01
    6.36743286e+02 482. 161. 9.70146582e-02 7.12349609e+02 482. 169.
    5.99911511e-02 9.50710266e+02 483. 179. 6.71841204e-02
    8.63949097e+02 485. 189. 7.17865452e-02 8.92298157e+02 486. 199.
    2.21638586e-02 8.12199463e+02 485. 207. 2.79825162e-02
    7.86307800e+02 485. 217. 5.43681383e-02 2.94435059e+02 482. 224.
    8.43763053e-02 2.01717621e+02 487. 231. 3.53355426e-03
    8.49005310e+02 487. 239. 6.84920792e-03 8.76020569e+02 486. 246.
    1.24568865e-02 8.83068542e+02 487. 254. 6.69632852e-03
    8.96020081e+02 487. 261. 8.09629783e-02 9.14997253e+02 486. 269.
    2.46525388e-02 7.30221863e+02 487. 278. 1.53160887e-02
    9.14107239e+02 487. 288. 3.24323191e-03 9.25004883e+02 487. 298.
    5.34754246e-03 9.35013367e+02 487. 308. 6.41016848e-03
    9.36019226e+02 487. 318. 1.69117060e-02 9.46135315e+02 487. 328.
    3.24323191e-03 9.25004883e+02 487. 339. 7.12577021e-03
    8.42021362e+02 487. 348. 6.48499327e-03 7.71016235e+02 488. 357.
    1.79085322e-02 6.70107483e+02 487. 367. 8.48876033e-03
    5.89021240e+02 487. 376. 7.90497381e-03 5.06015808e+02 488. 385.
    4.64312509e-02 4.95534058e+02 487. 395. 1.69475302e-02
    3.54050842e+02</data></maskImgRInfo>
<maskImgLCol>393</maskImgLCol>
<maskImgLRow>330</maskImgLRow>
<maskImgRCol>502</maskImgRCol>
<maskImgRRow>402</maskImgRRow>
</opencv_storage>
