<?xml version="1.0"?>
<opencv_storage>
<maskImgLInfo type_id="opencv-matrix">
  <rows>1</rows>
  <cols>59</cols>
  <dt>"4f"</dt>
  <data>
    103. 8. 1.86130702e+00 2.02484573e+02 109. 8. 1.59781682e+00
    7.77283752e+02 115. 8. 1.57194185e+00 8.73000549e+02 121. 8.
    1.57189882e+00 9.07000549e+02 127. 8. 1.57300389e+00 9.06002197e+02
    133. 8. 1.56969869e+00 9.11000549e+02 139. 8. 1.56969869e+00
    9.11000549e+02 145. 8. 1.57298446e+00 9.14002197e+02 151. 8.
    1.57079637e+00 912. 157. 8. 1.57299411e+00 9.10002197e+02 163. 8.
    1.57188690e+00 9.17000549e+02 169. 8. 1.57189167e+00 9.13000549e+02
    175. 8. 1.57079637e+00 914. 181. 8. 1.57079637e+00 914. 187. 8.
    1.56970346e+00 9.15000549e+02 193. 8. 1.56861770e+00 9.18002197e+02
    88. 9. 2.06363273e+00 2.45177490e+02 94. 9. 1.58067524e+00
    9.11044434e+02 80. 10. 2.13812733e+00 2.54939209e+02 75. 11.
    2.06253219e+00 4.29941864e+02 74. 12. 1.76253533e+00 9.70790405e+02
    68. 13. 1.75701916e+00 7.72353516e+02 61. 15. 2.03266454e+00
    5.02668884e+02 56. 17. 2.04901481e+00 4.91092651e+02 51. 19.
    2.35619450e+00 2.48901581e+02 48. 22. 2.04243708e+00 1.06306067e+03
    45. 24. 2.04152417e+00 1.07378674e+03 40. 27. 2.24099255e+00
    9.96555054e+02 35. 30. 2.35619450e+00 3.06884338e+02 36. 32.
    2.34963727e+00 4.31344421e+02 29. 37. 2.56199312e+00 4.29075745e+02
    28. 40. 2.58590460e+00 1.05586841e+03 26. 43. 2.63649416e+00
    1.06841663e+03 24. 48. 2.54583836e+00 4.65130096e+02 20. 52.
    2.77286386e+00 6.46450317e+02 18. 56. 2.56479406e+00 3.96080811e+02
    17. 60. 3.05450273e+00 8.62267944e+02 17. 64. 2.89834905e+00
    8.38689453e+02 15. 68. 2.73544168e+00 1.04283655e+03 14. 72.
    2.74525404e+00 1.04392432e+03 12. 77. 2.73774862e+00 5.01328247e+02
    11. 83. 2.83491635e+00 5.03491821e+02 12. 86. 3.10291553e+00
    9.82734985e+02 12. 92. 2.90636039e+00 3.73280060e+02 11. 97.
    3.12627220e+00 9.79114929e+02 10. 102. 3.13630176e+00 9.45013245e+02
    10. 106. 3.08394408e+00 9.54585754e+02 9. 111. 3.09717751e+00
    4.50444214e+02 13. 114. 3.12780046e+00 2.90027588e+02 9. 118.
    3.13995600e+00 6.11000793e+02 9. 122. 3.13524342e+00 6.30012695e+02
    13. 128. 2.97793198e+00 2.20952484e+02 9. 131. 3.13817978e+00
    5.86003418e+02 13. 135. 2.87581086e+00 3.73100525e+02 13. 138.
    2.90948892e+00 2.26061935e+02 9. 144. 3.12860632e+00 5.39045471e+02
    9. 148. 3.12992001e+00 5.14035034e+02 9. 154. 3.13746047e+00
    4.84004120e+02 9. 158. 3.14159274e+00 482.</data></maskImgLInfo>
<maskImgRInfo type_id="opencv-matrix">
  <rows>1</rows>
  <cols>77</cols>
  <dt>"4f"</dt>
  <data>
    13. 8. 1.60961175e+00 2.06155289e+02 19. 8. 1.61924326e+00
    3.30387665e+02 25. 8. 1.59486175e+00 4.57132355e+02 31. 8.
    1.59324503e+00 5.79145935e+02 37. 8. 1.58125937e+00 6.69036621e+02
    43. 8. 1.58268476e+00 7.57053528e+02 49. 8. 1.57696152e+00
    8.11015442e+02 55. 8. 1.57197702e+00 8.47000610e+02 61. 8.
    1.57192886e+00 8.83000549e+02 67. 8. 1.57302344e+00 8.98002197e+02
    73. 8. 1.57299900e+00 9.08002197e+02 79. 8. 1.56754601e+00
    9.23004883e+02 85. 8. 1.57293308e+00 9.36002136e+02 91. 8.
    1.57079637e+00 938. 97. 8. 1.57079637e+00 940. 103. 8.
    1.57185233e+00 9.47000549e+02 109. 8. 1.56974697e+00 9.53000549e+02
    115. 8. 1.57184124e+00 9.57000549e+02 121. 8. 1.57183254e+00
    9.65000488e+02 127. 8. 1.57909489e+00 9.64033203e+02 133. 8.
    1.57389224e+00 9.69004639e+02 139. 8. 1.56976008e+00 9.65000488e+02
    145. 8. 1.56974924e+00 9.55000549e+02 151. 8. 1.56645799e+00
    9.22008667e+02 157. 8. 1.49958825e+00 7.16816589e+02 2. 9.
    1.57817233e+00 9.49025818e+02 165. 9. 1.56334174e+00 9.39026062e+02
    167. 10. 1.50761521e+00 9.81959290e+02 174. 10. 1.50974202e+00
    8.68618469e+02 179. 11. 1.47148430e+00 8.37124817e+02 182. 12.
    1.53800380e+00 9.45508301e+02 188. 13. 8.43304396e-01 2.93233704e+02
    189. 15. 1.47346866e+00 9.77626709e+02 195. 16. 1.26546609e+00
    7.31849731e+02 199. 18. 1.22792733e+00 8.68555115e+02 202. 20.
    1.10088575e+00 1.07109753e+03 207. 22. 1.18587697e+00 6.31184570e+02
    211. 24. 7.85398185e-01 2.67286377e+02 214. 27. 1.00087559e+00
    7.20950745e+02 217. 30. 7.91104257e-01 9.91379822e+02 222. 34.
    7.85398185e-01 2.94156433e+02 222. 38. 7.45419502e-01 3.18452515e+02
    228. 42. 7.85398185e-01 2.30516815e+02 229. 46. 4.71674472e-01
    1.05858862e+03 202. 50. 2.60788441e+00 2.04430923e+02 232. 52.
    4.56958741e-01 1.06975891e+03 233. 56. 2.66043365e-01 8.40572449e+02
    236. 61. 1.43724650e-01 9.28574158e+02 237. 64. 9.36120525e-02
    9.20028259e+02 239. 69. 4.78280723e-01 4.58443024e+02 239. 73.
    3.92527670e-01 1.01954108e+03 241. 78. 4.74173546e-01 4.24876465e+02
    241. 82. 1.59053393e-02 9.43119263e+02 241. 89. 1.56586748e-02
    8.94109619e+02 242. 93. 2.28014469e-01 9.86534363e+02 243. 99.
    5.45250857e-03 9.17013611e+02 240. 104. 5.35202697e-02
    2.24321198e+02 243. 109. 5.31303473e-02 9.60355164e+02 242. 113.
    3.95051278e-02 5.06395111e+02 242. 117. 3.74464653e-02
    3.47243439e+02 242. 123. 7.01969713e-02 2.56632019e+02 243. 127.
    2.29604729e-02 9.58252563e+02 244. 131. 6.72937371e-03
    7.43016846e+02 243. 136. 1.13514215e-02 9.69062439e+02 243. 141.
    2.07039039e-03 9.66002075e+02 244. 145. 0. 858. 243. 150.
    3.10879829e-03 9.65004639e+02 243. 155. 7.23875687e-03
    9.67025330e+02 244. 159. 2.21729116e-03 9.02002197e+02 243. 164.
    6.22398593e-03 9.64018677e+02 243. 169. 2.17830464e-02
    9.18217834e+02 244. 173. 1.89550761e-02 8.44151672e+02 243. 178.
    3.85107216e-03 7.79005798e+02 243. 183. 1.50138866e-02
    6.66075073e+02 244. 187. 4.11160551e-02 6.32534607e+02 243. 192.
    3.12398337e-02 5.12249939e+02 243. 197. 1.84310917e-02
    4.34073730e+02</data></maskImgRInfo>
<maskImgLCol>196</maskImgLCol>
<maskImgLRow>165</maskImgLRow>
<maskImgRCol>251</maskImgRCol>
<maskImgRRow>201</maskImgRRow>
</opencv_storage>
